1914	0
1931	0
1932	0
1933	0
1934	0
1939	0
1941	0
1942	0
1945	0
1946	0
1947	1
1948	1
1949	0
1950	0
1951	1
1952	0
1953	0
1954	0
1955	0
1956	0
1957	0
1958	0
1959	0
1960	2
1961	0
1962	2
1963	1
1964	2
1965	3
1966	3
1967	3
1968	0
1969	2
1970	1
1971	9
1972	6
1973	6
1974	5
1975	7
1976	18
1977	24
1978	37
1979	44
1980	52
1981	60
1982	55
1983	66
1984	106
1985	110
1986	126
1987	186
1988	223
1989	314
1990	503
1991	725
1992	1022
1993	170986
1994	371481
1995	412940
1996	424797
1997	419097
1998	434821
1999	435630
2000	453867
2001	518066
2002	537367
2003	556173
2004	585609
2005	570737
2006	579842
2007	583971
2008	580457
2009	582964
2010	592652
2011	563901
2012	539402
2013	551237
2014	535135
2015	536964
2016	504616
2017	841
