1931	0.125
1932	0.083333336
1933	0.0625
1934	0.125
1939	0.75
1941	0.75
1942	0.75
1945	0.05
1946	0.02586207
1947	0.0127080865
1948	0.013883945
1949	0.015625
1950	0.015306123
1951	0.011026955
1952	0.008064516
1953	0.008241759
1954	0.0074257427
1955	0.007075472
1956	0.0054744524
1957	0.005357143
1958	0.004746643
1959	0.004098237
1960	0.0031247793
1961	0.0022387253
1962	0.0017899349
1963	0.0013610474
1964	0.0010563191
1965	8.7610865E-4
1966	7.886117E-4
1967	7.055193E-4
1968	6.2551734E-4
1969	4.9700995E-4
1970	4.3327193E-4
1971	3.7554465E-4
1972	3.2621983E-4
1973	3.0875712E-4
1974	2.9843583E-4
1975	2.7152486E-4
1976	2.670829E-4
1977	2.5639415E-4
1978	2.3421738E-4
1979	2.2353629E-4
1980	2.0716256E-4
1981	2.0274652E-4
1982	1.9347634E-4
1983	1.8439721E-4
1984	1.5948963E-4
1985	1.5007875E-4
1986	1.4209432E-4
1987	1.324773E-4
1988	1.2493298E-4
1989	1.1951771E-4
1990	1.15806804E-4
1991	1.1183612E-4
1992	1.0858102E-4
1993	4.6680234E-5
1994	2.6062256E-5
1995	2.4867717E-5
1996	2.4493827E-5
1997	2.3716912E-5
1998	2.2957804E-5
1999	2.242266E-5
2000	2.172365E-5
2001	9.982918E-6
2002	6.2966146E-6
2003	5.7960074E-6
2004	5.419348E-6
2005	5.6845493E-6
2006	5.4911197E-6
2007	5.2554287E-6
2008	5.168036E-6
2009	5.153436E-6
2010	5.1099837E-6
2011	5.4805264E-6
2012	5.7430443E-6
2013	5.856209E-6
2014	5.888417E-6
2015	5.917931E-6
2016	3.028001E-6
